Generated by GetData Graph Digitizer 2.26.0.20 on March 18 2019, 14:03
from file 'C:\Users\220-lab\Pictures\????_????_20190318101437.bmp'

Line #1
 2.81959493784456e+002    1.69858973643951e+000
 2.82359597083853e+002    1.84283616129016e+000
 2.82691197848657e+002    1.99933217804391e+000
 2.83022798613460e+002    2.16911803779849e+000
 2.83422901912858e+002    2.35332233111262e+000
 2.83823005212255e+002    2.55316948990668e+000
 2.84086103442465e+002    2.76998792643436e+000
 2.84349201672674e+002    3.00521886342632e+000
 2.84749456526352e+002    3.25673704471185e+000
 2.85149559825749e+002    3.53330334280043e+000
 2.85481160590552e+002    3.83335600659441e+000
 2.85812912909636e+002    4.15418413087261e+000
 2.86144513674440e+002    4.50696278965912e+000
 2.86476114439243e+002    4.88969986583264e+000
 2.86807715204047e+002    5.30493946672502e+000
 2.87207818503444e+002    5.75544174853450e+000
 2.87539419268247e+002    6.24420126347333e+000
 2.87871020033051e+002    6.77446686497867e+000
 2.88134269817541e+002    7.34144772810150e+000
 2.88465870582344e+002    7.96489291047161e+000
 2.89071481485523e+002    8.64128185949590e+000
 2.90088410704824e+002    9.35390849330783e+000
 2.91379501616781e+002    1.01138479643217e+001
 2.92670592528738e+002    1.09355271882975e+001
 2.93961683440694e+002    1.18239620872147e+001
 2.95184120263777e+002    1.27990570369613e+001
 2.96475059621454e+002    1.38545658237964e+001
 2.97697496444537e+002    1.49971199918552e+001
 2.98919933267619e+002    1.62338979734604e+001
 3.00279526714170e+002    1.75527883439693e+001
 3.01707774249594e+002    1.89573565240638e+001
 3.03067367696145e+002    2.04975088036189e+001
 3.04564117766163e+002    2.21377125178431e+001
 3.06129218816494e+002    2.39362464197199e+001
 3.07762822401420e+002    2.58808985889466e+001
 3.09465231629500e+002    2.79202543732060e+001
 3.11030484234111e+002    3.01544236746448e+001
 3.12664239373317e+002    3.25673704471184e+001
 3.14297994512523e+002    3.51734004033270e+001
 3.15794593028261e+002    3.80309925334389e+001
 3.17565353236654e+002    4.10742196790697e+001
 3.20022351225225e+002    4.39610287130167e+001
 3.23302743617443e+002    4.65737913187072e+001
 3.27063411523218e+002    4.90633421713800e+001
 3.30892733517866e+002    5.16274913517812e+001
 3.34721903958234e+002    5.43871821881283e+001
 3.38619728487476e+002    5.72295659814070e+001
 3.42448747373564e+002    6.03569979057326e+001
 3.46346571902806e+002    6.35113763043924e+001
 3.50588576202098e+002    6.60035591602151e+001
 3.55243262806034e+002    6.77446686497867e+001
 3.60104214785151e+002    6.91392525926171e+001
 3.64896967338234e+002    7.04029656605966e+001
 3.69689568337037e+002    7.17709788196089e+001
 3.74482017781561e+002    7.32484479196568e+001
 3.79205661582930e+002    7.49257792510146e+001
 3.83929305384299e+002    7.66415201388211e+001
 3.88721451720262e+002    7.83965501314393e+001
 3.93445398630192e+002    8.00104124790699e+001
 3.98238757400395e+002    8.11047358828609e+001
 4.03101679585153e+002    8.15651097294249e+001
 4.08033862075906e+002    8.15651097294249e+001
 4.12966044566658e+002    8.15651097294249e+001
 4.17898227057410e+002    8.15651097294249e+001
 4.22830409548162e+002    8.15651097294249e+001
 4.27762592038914e+002    8.15651097294249e+001
 4.32694774529666e+002    8.15651097294249e+001
 4.37626805466139e+002    8.16574976110288e+001
 4.42558836402611e+002    8.17499901393462e+001
 4.47491776664763e+002    8.12885727815830e+001
 4.52288924291969e+002    8.01010393725997e+001
 4.57018327155981e+002    7.84853490212554e+001
 4.61816535663147e+002    7.67283311259211e+001
 4.66546241635719e+002    7.50106468377252e+001
 4.71344298588605e+002    7.34144772810150e+001
 4.76142203987211e+002    7.19336592601629e+001
 4.80871758405504e+002    7.04029656605966e+001
 4.85669663804109e+002    6.89828917986991e+001
 4.90672470589376e+002    6.78982228122406e+001
 4.95333825581635e+002    6.63031135867816e+001
 4.99312428542157e+002    6.36553350304308e+001
 5.02881531837917e+002    6.04253635978156e+001
 5.06314236281610e+002    5.71001393527282e+001
 5.09747092279582e+002    5.38968547444467e+001
 5.13180099831835e+002    5.08157141522786e+001
 5.16681458364402e+002    4.79649821427245e+001
 5.20114465916655e+002    4.52229510133886e+001
 5.23479122488594e+002    4.25894339767613e+001
 5.26775276525939e+002    4.01092773871368e+001
 5.30208132523912e+002    3.78591702532499e+001
 5.33709491056479e+002    3.57352928209132e+001
 5.37073996074138e+002    3.36924006743196e+001
 5.40165097170542e+002    3.16227766016838e+001
 5.42845940830784e+002    2.95127604561722e+001
 5.45321579995805e+002    2.74812435804862e+001
 5.47797067606546e+002    2.56185515966199e+001
 5.50409408732194e+002    2.39091647779238e+001
 5.52953247323248e+002    2.23138360582935e+001
 5.55497237468583e+002    2.08013934560015e+001
 5.58041227613917e+002    1.93914649449331e+001
 5.60585066204972e+002    1.80975778004136e+001
 5.63060553815712e+002    1.68709152224448e+001
 5.65604543961047e+002    1.57273964274056e+001
 5.68216885086695e+002    1.46779926762207e+001
 5.70829226212343e+002    1.36986099382457e+001
 5.73373064803398e+002    1.27845760915397e+001
 5.75985405929046e+002    1.19315307594851e+001
 5.78529396074380e+002    1.11228058327598e+001
 5.80799679189900e+002    1.03454470569025e+001
 5.82796103721324e+002    9.61153002693227e+000
 5.84792528252749e+002    8.92967785253741e+000
 5.86994308833675e+002    8.30559400637300e+000
 5.89196089414600e+002    7.72512658775224e+000
 5.91329670569492e+002    7.16897766166541e+000
 5.93463100170105e+002    6.66040275287381e+000
 5.95596529770717e+002    6.18790668963860e+000
 5.97593105856421e+002    5.74242561938349e+000
 5.99521179407532e+002    5.32901571534166e+000
 6.01312550998015e+002    4.93418398363418e+000
 6.03103771034219e+002    4.57378051047381e+000
 6.04826488535828e+002    4.23970168671786e+000
 6.06480855057124e+002    3.92557824473386e+000
 6.08203724113013e+002    3.63472850078220e+000
 6.09926593168903e+002    3.36542808492512e+000
 6.11580959690199e+002    3.11608038739768e+000
 6.13166823676901e+002    2.88520709273766e+000
 6.14889541178510e+002    2.67446532460365e+000
 6.16680761214714e+002    2.47911659114921e+000
 6.18335127736009e+002    2.29543653669370e+000
 6.19989645811585e+002    2.12296085448110e+000
 6.21712363313195e+002    1.96789520069189e+000
 6.23572085883992e+002    1.82415587773648e+000
 6.25294803385601e+002    1.69091558590653e+000
 6.26949321461177e+002    1.56386270747529e+000
 6.28603687982473e+002    1.44799466468315e+000
 6.30394908018676e+002    1.34223000167090e+000
 6.32254630589473e+002    1.24419061846453e+000
 6.33909148665049e+002    1.15070398867023e+000
 6.35221457176216e+002    1.06183498559911e+000
 6.36807472717198e+002    9.82050286431516e-001
 6.39623805903827e+002    9.26957836522561e-001
 2.81422385415871e+002    1.56563407715949e+000
 2.81090784651068e+002    1.44308540842896e+000
 2.80827686420858e+002    1.33012913196091e+000
 2.80496085656054e+002    1.22601441145275e+000
 2.80164484891251e+002    1.13004918167149e+000
 2.79832732572167e+002    1.04277535175061e+000
 2.79569634341957e+002    9.61153002693227e-001
 2.79375038646341e+002    8.85919573219010e-001
