300 0.00120
301 0.00129
302 0.00138
303 0.00147
304 0.00156
305 0.00165
306 0.00174
307 0.00183
308 0.00192
309 0.00201
310 0.00210
311 0.00219
312 0.00228
313 0.00237
314 0.00246
315 0.00255
316 0.00264
317 0.00273
318 0.00282
319 0.00291
320 0.00300
321 0.00307
322 0.00313
323 0.00320
324 0.00327
325 0.00333
326 0.00340
327 0.00347
328 0.00353
329 0.00360
330 0.00367
331 0.00373
332 0.00380
333 0.00387
334 0.00393
335 0.00400
336 0.00407
337 0.00413
338 0.00420
339 0.00427
340 0.00433
341 0.00440
342 0.00447
343 0.00453
344 0.00460
345 0.00467
346 0.00473
347 0.00480
348 0.00487
349 0.00493
350 0.00500
351 0.00506
352 0.00511
353 0.00517
354 0.00523
355 0.00528
356 0.00534
357 0.00540
358 0.00546
359 0.00551
360 0.00557
361 0.00563
362 0.00568
363 0.00574
364 0.00580
365 0.00585
366 0.00591
367 0.00597
368 0.00603
369 0.00608
370 0.00614
371 0.00620
372 0.00625
373 0.00631
374 0.00637
375 0.00643
376 0.00648
377 0.00654
378 0.00660
379 0.00665
380 0.00671
381 0.00675
382 0.00679
383 0.00683
384 0.00687
385 0.00691
386 0.00696
387 0.00700
388 0.00704
389 0.00708
390 0.00712
391 0.00790
392 0.00868
393 0.00947
394 0.01025
395 0.01103
396 0.01181
397 0.01260
398 0.01338
399 0.01416
400 0.01494
401 0.01573
402 0.02021
403 0.03170
404 0.05085
405 0.07767
406 0.10873
407 0.14094
408 0.17760
409 0.21405
410 0.25409
411 0.29665
412 0.34687
413 0.40180
414 0.46054
415 0.52634
416 0.58984
417 0.65459
418 0.72445
419 0.79272
420 0.85717
421 0.90725
422 0.95055
423 0.97444
424 0.99525
425 0.99643
426 0.99558
427 0.99010
428 0.97885
429 0.96880
430 0.95544
431 0.93933
432 0.92315
433 0.90538
434 0.88841
435 0.86960
436 0.84946
437 0.82627
438 0.79983
439 0.77404
440 0.74956
441 0.72583
442 0.70523
443 0.68207
444 0.65966
445 0.63913
446 0.61805
447 0.59643
448 0.57799
449 0.56154
450 0.54633
451 0.53214
452 0.51821
453 0.50398
454 0.49017
455 0.47856
456 0.46741
457 0.45640
458 0.44614
459 0.43631
460 0.42617
461 0.41766
462 0.41010
463 0.40124
464 0.39159
465 0.37940
466 0.36572
467 0.35242
468 0.33766
469 0.32049
470 0.30303
471 0.28402
472 0.26654
473 0.25136
474 0.23746
475 0.22481
476 0.21211
477 0.19994
478 0.19015
479 0.18042
480 0.17003
481 0.16029
482 0.15153
483 0.14248
484 0.13423
485 0.12587
486 0.11851
487 0.11185
488 0.10559
489 0.10033
490 0.09583
491 0.09081
492 0.08565
493 0.08107
494 0.07649
495 0.07093
496 0.06599
497 0.06217
498 0.05812
499 0.05415
500 0.05000
501 0.04850
502 0.04700
503 0.04550
504 0.04400
505 0.04250
506 0.04100
507 0.03950
508 0.03800
509 0.03650
510 0.03500
511 0.03350
512 0.03200
513 0.03050
514 0.02900
515 0.02750
516 0.02600
517 0.02450
518 0.02300
519 0.02150
520 0.02000
521 0.01950
522 0.01900
523 0.01850
524 0.01800
525 0.01750
526 0.01700
527 0.01650
528 0.01600
529 0.01550
530 0.01500
531 0.01450
532 0.01400
533 0.01350
534 0.01300
535 0.01250
536 0.01200
537 0.01150
538 0.01100
539 0.01050
540 0.01000
541 0.00980
542 0.00960
543 0.00940
544 0.00920
545 0.00900
546 0.00880
547 0.00860
548 0.00840
549 0.00820
550 0.00800
551 0.00780
552 0.00760
553 0.00740
554 0.00720
555 0.00700
556 0.00680
557 0.00660
558 0.00640
559 0.00620
560 0.00600
561 0.00585
562 0.00570
563 0.00555
564 0.00540
565 0.00525
566 0.00510
567 0.00495
568 0.00480
569 0.00465
570 0.00450
571 0.00435
572 0.00420
573 0.00405
574 0.00390
575 0.00375
576 0.00360
577 0.00345
578 0.00330
579 0.00315
580 0.00300
581 0.00293
582 0.00287
583 0.00280
584 0.00273
585 0.00267
586 0.00260
587 0.00253
588 0.00247
589 0.00240
590 0.00233
591 0.00227
592 0.00220
593 0.00213
594 0.00207
595 0.00200
596 0.00193
597 0.00187
598 0.00180
599 0.00173
600 0.00167
