4.01575005484002e+002 1.61751955960849e-002
4.02240258496722e+002 2.24951456423363e-002
4.02874557362665e+002 2.97481014906041e-002
4.03436502216233e+002 3.84945049715818e-002
4.03915716976730e+002 4.87346462441257e-002
4.04353566690692e+002 5.97216564124527e-002
4.04760357800689e+002 7.10823911875274e-002
4.05167114091623e+002 8.22566988975124e-002
4.05542776959530e+002 9.36183041491556e-002
4.05897757304169e+002 1.05353343848690e-001
4.06252737648808e+002 1.17088383548225e-001
4.06618059255081e+002 1.28636706023814e-001
4.06983415680417e+002 1.40371455564492e-001
4.07328019944359e+002 1.52106785422883e-001
4.07641565604337e+002 1.64215839888022e-001
4.07965487345012e+002 1.76324604194304e-001
4.08289374266624e+002 1.88246941435497e-001
4.08613261188235e+002 2.00169278676690e-001
4.08947524190544e+002 2.12091325759027e-001
4.09271445931218e+002 2.24200090065309e-001
4.09574650329562e+002 2.36495861754393e-001
4.09867478647210e+002 2.48791923602334e-001
4.10170648226491e+002 2.60901268226329e-001
4.10473817805772e+002 2.73010612850323e-001
4.10756270042723e+002 2.85306964857120e-001
4.11028415837103e+002 2.97976461152952e-001
4.11300526812419e+002 3.10459530383694e-001
4.11562296526102e+002 3.23129316838383e-001
4.11792972816758e+002 3.35986400834729e-001
4.12033990369047e+002 3.48656767607130e-001
4.12295725263667e+002 3.61140126996728e-001
4.12526331916197e+002 3.73624356862895e-001
4.12725845145700e+002 3.86295884270721e-001
4.12946110536597e+002 3.98966831360833e-001
4.13187128088886e+002 4.11637198133234e-001
4.13417769560479e+002 4.24307855064491e-001
4.13638104589501e+002 4.37351656284783e-001
4.13848028718763e+002 4.50209320598841e-001
4.14037200686632e+002 4.63067565230612e-001
4.14236748735198e+002 4.75925519703527e-001
4.14446672864460e+002 4.88783184017586e-001
4.14646220913025e+002 5.01641138490501e-001
4.14835392880894e+002 5.14499383122272e-001
4.15014188768067e+002 5.27357917912899e-001
4.15203395554998e+002 5.40402589609760e-001
4.15413284865198e+002 5.53073826858729e-001
4.15612798094701e+002 5.65745354266554e-001
4.15822687404900e+002 5.78416591515523e-001
4.16022235453466e+002 5.91274545988438e-001
4.16200996521576e+002 6.03946653713975e-001
4.16400405293890e+002 6.16058899926532e-001
4.16599814066205e+002 6.28171146139088e-001
4.16799327295708e+002 6.40842673546913e-001
4.16988499263577e+002 6.53700918178684e-001
4.17156953889115e+002 6.66746170193257e-001
4.17335784595350e+002 6.79791132048974e-001
4.17535297824853e+002 6.92462659456799e-001
4.17745221954115e+002 7.05320323770858e-001
4.17924017841288e+002 7.18178858561485e-001
4.18082096386129e+002 7.31224400734914e-001
4.18250481373542e+002 7.43896798619308e-001
4.18449994603045e+002 7.56568326027133e-001
4.18659918732308e+002 7.69425990341192e-001
4.18859501599936e+002 7.82470371879196e-001
4.19038332306171e+002 7.95515333734913e-001
4.19237880354737e+002 8.08373288207828e-001
4.19468487007267e+002 8.20857518073995e-001
4.19667930598644e+002 8.33156191351641e-001
4.19846622028628e+002 8.45455444947000e-001
4.20015041835104e+002 8.58314269896483e-001
4.20204213802973e+002 8.71172514528254e-001
4.20445161717137e+002 8.83470027170475e-001
4.20727544315962e+002 8.95393525047093e-001
4.21009996552913e+002 9.07689877053889e-001
4.21292483608926e+002 9.20172656125776e-001
4.21574970664940e+002 9.32655435197662e-001
4.21857457720953e+002 9.45138214269548e-001
4.22181414280690e+002 9.57433405640920e-001
4.22608853094892e+002 9.68234278903014e-001
4.23160421867764e+002 9.76980972542848e-001
4.23711990640636e+002 9.85727666182682e-001
4.24066970985275e+002 9.97462705882216e-001
4.25104370140565e+002 9.96315127606062e-001
4.25851343493536e+002 9.95734954973149e-001
4.26567153785354e+002 9.94969225751715e-001
4.28627676280210e+002 9.71794528068227e-001
4.29301111772673e+002 9.66369282854977e-001
4.29859818453407e+002 9.57777969282623e-001
4.30408044596256e+002 9.48627664673856e-001
4.30966716457926e+002 9.39849924036411e-001
4.31525388319597e+002 9.31072183398967e-001
4.32073614462446e+002 9.21921878790200e-001
4.32601053624839e+002 9.12585727434056e-001
4.33128457968168e+002 9.03063149012822e-001
4.33676684111017e+002 8.93912844404054e-001
4.34214534173169e+002 8.84762829954143e-001
4.34731527616740e+002 8.75054114626676e-001
4.35227699260791e+002 8.64973125486741e-001
4.35723905723906e+002 8.55078563411897e-001
4.36209736106323e+002 8.45184291495908e-001
4.36664368608526e+002 8.34918035926309e-001
4.37077427149816e+002 8.24280086861955e-001
4.37490450872043e+002 8.13455710732512e-001
4.37903439775208e+002 8.02444907537979e-001
4.38316393859310e+002 7.91247677278356e-001
4.38739758843171e+002 7.80236583924967e-001
4.39194286888186e+002 7.69411047160099e-001
4.39638438852503e+002 7.58585800554087e-001
4.40072214736124e+002 7.47760844106932e-001
4.40505990619744e+002 7.36935887659776e-001
4.40960623121947e+002 7.26669632090177e-001
4.41436042604605e+002 7.16589223267955e-001
4.41932249067720e+002 7.06694661193110e-001
4.42407633731315e+002 6.96427825305798e-001
4.42851785695633e+002 6.85602578699787e-001
4.43306313740647e+002 6.74777041934919e-001
4.43771322323546e+002 6.64510496206463e-001
4.44246741806204e+002 6.54430087384241e-001
4.44732537369559e+002 6.44349388403163e-001
4.45239119913370e+002 6.34454536169462e-001
4.45724915476725e+002 6.24373837188384e-001
4.46179513159865e+002 6.13921154553695e-001
4.46644521742764e+002 6.03654608825240e-001
4.47140693386815e+002 5.93573619685305e-001
4.47668062911083e+002 5.83864614198982e-001
4.48195502073475e+002 5.74528462842837e-001
4.48743763035387e+002 5.65564585299160e-001
4.49302434897057e+002 5.56786844661715e-001
4.49871517658488e+002 5.48195240930505e-001
4.50451011319677e+002 5.39789774105527e-001
4.51040915880626e+002 5.31570444186783e-001
4.51630820441575e+002 5.23351114268039e-001
4.52220725002524e+002 5.15131784349296e-001
4.52810594744411e+002 5.06726027365462e-001
4.53390088405600e+002 4.98320560540485e-001
4.53990403866309e+002 4.90287367527974e-001
4.54611575945599e+002 4.82812875393020e-001
4.55243228562774e+002 4.75897374294479e-001
4.55874846360886e+002 4.68795446130848e-001
4.56516840239694e+002 4.61693227808361e-001
4.57148492856869e+002 4.54777726709819e-001
4.57800932454500e+002 4.48048072358655e-001
4.58463817770953e+002 4.41690981978814e-001
4.59116292187647e+002 4.35147754692739e-001
4.59758355704581e+002 4.28418390500431e-001
4.60421275840097e+002 4.22247727185680e-001
4.61105087413257e+002 4.16822191813574e-001
4.61799344705239e+002 4.11769220412792e-001
4.62472745378640e+002 4.06157548134453e-001
4.63114948171825e+002 4.00173892202503e-001
4.63757150965010e+002 3.94190236270553e-001
4.64368121058917e+002 3.87648169619904e-001
4.64958130077055e+002 3.79988120896428e-001
4.65548034638004e+002 3.71768790977684e-001
4.66148350098712e+002 3.63735597965174e-001
4.66759041640117e+002 3.55702114793807e-001
4.67348981020129e+002 3.47669211940153e-001
4.67918063781559e+002 3.39077608208942e-001
4.68455879024648e+002 3.29741166693942e-001
4.68993729086800e+002 3.20591152244031e-001
4.69541990048712e+002 3.11627274700353e-001
4.70058983492282e+002 3.01918559372885e-001
4.70555224774460e+002 2.92210424363130e-001
4.71072253037093e+002 2.82688136100752e-001
4.71599692199485e+002 2.73351984744608e-001
4.72137542261637e+002 2.64201970294697e-001
4.72706625023068e+002 2.55610366563486e-001
4.73286118684257e+002 2.47204899738509e-001
4.73865681983572e+002 2.39172287043711e-001
4.74466067082406e+002 2.31511948161379e-001
4.75076828261937e+002 2.23851319120192e-001
4.75687589441467e+002 2.16190690079004e-001
4.76287939721239e+002 2.08343924131584e-001
4.76909111800529e+002 2.00869431996630e-001
4.77551210136526e+002 1.94326494869411e-001
4.78214130272041e+002 1.88155831554660e-001
4.78866639507798e+002 1.81799031333675e-001
4.79519079105429e+002 1.75069376982510e-001
4.80161142622363e+002 1.68340012790202e-001
4.80803275777423e+002 1.61983502728074e-001
4.81476641631761e+002 1.56185403384645e-001
4.82149972667036e+002 1.50200876976127e-001
4.82812892802552e+002 1.44030213661375e-001
4.83465576133622e+002 1.38605548765838e-001
4.84128635545388e+002 1.33180593711445e-001
4.84781284057396e+002 1.27569501750819e-001
4.85454754368922e+002 1.22330683602659e-001
4.86149046479967e+002 1.17464139266966e-001
4.86853749490771e+002 1.12783731837506e-001
4.87558487320638e+002 1.08289751473137e-001
4.88263259969568e+002 1.03982198173856e-001
4.88978547975446e+002 1.00420062976078e-001
4.89704281700145e+002 9.72304917496231e-002
4.90419604525085e+002 9.38547836169346e-002
4.91134857711900e+002 9.01062213540669e-002
4.91850110898715e+002 8.63576590911992e-002
4.92565433723655e+002 8.29819509585108e-002
4.93291167448355e+002 7.97923797320557e-002
4.94016866353991e+002 7.64163814405111e-002
4.94721708641047e+002 7.24816822714100e-002
4.95426550928102e+002 6.85469831023088e-002
4.96141908572105e+002 6.53577020347100e-002
4.96857370673296e+002 6.27277021623799e-002
4.97572797955425e+002 5.99112752249602e-002
4.98288190418490e+002 5.69084212224509e-002
4.99013993781315e+002 5.40917041261750e-002
4.99750347320151e+002 5.22068321964909e-002
