300 17.55279
301 18.95736
302 18.95736
303 20.49751
304 22.13771
305 22.13771
306 23.93625
307 25.88090
308 25.88090
309 27.92025
310 27.92025
311 30.15442
312 32.56737
313 32.56737
314 35.17340
315 35.17340
316 38.03099
317 41.07422
318 41.07422
319 43.96103
320 43.96103
321 43.96103
322 46.57379
323 46.57379
324 46.57379
325 46.57379
326 49.06334
327 49.06334
328 49.06334
329 51.62749
330 51.62749
331 51.62749
332 51.62749
333 54.38718
334 54.38718
335 54.38718
336 54.38718
337 57.22957
338 57.22957
339 57.22957
340 57.22957
341 60.35700
342 60.35700
343 60.35700
344 60.35700
345 63.51138
346 63.51138
347 63.51138
348 63.51138
349 66.00356
350 66.00356
351 66.00356
352 66.00356
353 67.74467
354 67.74467
355 67.74467
356 67.74467
357 67.74467
358 69.13925
359 69.13925
360 69.13925
361 69.13925
362 69.13925
363 70.40297
364 70.40297
365 70.40297
366 70.40297
367 70.40297
368 71.77098
369 71.77098
370 71.77098
371 71.77098
372 71.77098
373 73.24845
374 73.24845
375 73.24845
376 73.24845
377 74.92578
378 74.92578
379 74.92578
380 74.92578
381 74.92578
382 76.64152
383 76.64152
384 76.64152
385 76.64152
386 76.64152
387 78.39655
388 78.39655
389 78.39655
390 78.39655
391 78.39655
392 80.01041
393 80.01041
394 80.01041
395 80.01041
396 81.10474
397 81.10474
398 81.10474
399 81.10474
400 81.10474
401 81.56511
402 81.56511
403 81.56511
404 81.56511
405 81.56511
406 81.56511
407 81.56511
408 81.56511
409 81.56511
410 81.56511
411 81.56511
412 81.56511
413 81.56511
414 81.56511
415 81.56511
416 81.56511
417 81.56511
418 81.56511
419 81.56511
420 81.56511
421 81.56511
422 81.56511
423 81.56511
424 81.56511
425 81.56511
426 81.56511
427 81.56511
428 81.56511
429 81.56511
430 81.56511
431 81.56511
432 81.56511
433 81.56511
434 81.56511
435 81.56511
436 81.65750
437 81.65750
438 81.65750
439 81.65750
440 81.65750
441 81.74999
442 81.74999
443 81.74999
444 81.74999
445 81.74999
446 81.28857
447 81.28857
448 81.28857
449 81.28857
450 80.10104
451 80.10104
452 80.10104
453 80.10104
454 80.10104
455 78.48535
456 78.48535
457 78.48535
458 78.48535
459 78.48535
460 76.72833
461 76.72833
462 76.72833
463 76.72833
464 76.72833
465 75.01065
466 75.01065
467 75.01065
468 75.01065
469 73.41448
470 73.41448
471 73.41448
472 73.41448
473 73.41448
474 71.93366
475 71.93366
476 71.93366
477 71.93366
478 71.93366
479 70.40297
480 70.40297
481 70.40297
482 70.40297
483 70.40297
484 68.98289
485 68.98289
486 68.98289
487 68.98289
488 68.98289
489 67.89822
490 67.89822
491 67.89822
492 67.89822
493 67.89822
494 66.30311
495 66.30311
496 66.30311
497 66.30311
498 63.65534
499 63.65534
500 63.65534
501 63.65534
502 60.42536
503 60.42536
504 60.42536
505 57.10014
506 57.10014
507 57.10014
508 57.10014
509 53.89685
510 53.89685
511 53.89685
512 50.81571
513 50.81571
514 50.81571
515 47.96498
516 47.96498
517 47.96498
518 47.96498
519 45.22295
520 45.22295
521 45.22295
522 42.58943
523 42.58943
524 42.58943
525 42.58943
526 40.10928
527 40.10928
528 40.10928
529 37.85917
530 37.85917
531 37.85917
532 35.73529
533 35.73529
534 35.73529
535 35.73529
536 33.69240
537 33.69240
538 33.69240
539 31.62278
540 31.62278
541 31.62278
542 29.51276
543 29.51276
544 29.51276
545 27.48124
546 27.48124
547 25.61855
548 25.61855
549 25.61855
550 23.90916
551 23.90916
552 22.31384
553 22.31384
554 22.31384
555 20.80139
556 20.80139
557 19.39146
558 19.39146
559 19.39146
560 18.09758
561 18.09758
562 16.87092
563 16.87092
564 16.87092
565 15.72740
566 15.72740
567 14.67799
568 14.67799
569 14.67799
570 13.69861
571 13.69861
572 13.69861
573 12.78458
574 12.78458
575 11.93153
576 11.93153
577 11.93153
578 11.12281
579 11.12281
580 10.34545
581 10.34545
582 9.61153
583 9.61153
584 8.92968
585 8.92968
586 8.30559
587 8.30559
588 8.30559
589 7.72513
590 7.72513
591 7.16898
592 7.16898
593 6.66040
594 6.66040
595 6.18791
596 6.18791
597 5.74243
598 5.74243
599 5.32902
600 5.32902
